design, comp, ci, d, corr, rmse
3,30,4.79291,0.104177,0.538182,2.77269
3,60,1.04512,0.280946,0.655455,0.785687
3,90,1.58842,0.134213,0.552727,0.934644
3,120,0.965699,0.286576,0.62,0.618669
3,150,0.885749,0.258526,0.66,0.589276
3,180,0.755497,0.251055,0.737273,0.484231
3,210,0.67743,0.321711,0.708182,0.447619
3,240,0.652707,0.235858,0.817273,0.397453
3,270,0.696818,0.311532,0.789091,0.41461
3,300,0.762827,0.385635,0.808182,0.482978
11,30,30.1887,0.0755484,0.300909,18.2898
11,60,2.26026,0.159117,0.451818,1.31352
11,90,1.50456,0.103551,0.64,0.883895
11,120,1.12251,0.10114,0.569091,0.719152
11,150,1.06822,0.297309,0.678182,0.735495
11,180,0.912431,0.212906,0.627273,0.620273
11,210,0.802796,0.241288,0.770909,0.443747
11,240,0.659388,0.27591,0.760909,0.421387
11,270,0.721918,0.323471,0.818182,0.458257
11,300,0.771148,0.306094,0.780909,0.50562
12,30,34.9178,0.0884435,0.175455,21.4646
12,60,4.58589,0.0685928,0.471818,2.23031
12,90,2.05407,0.139967,0.53,1.36347
12,120,2.27852,0.193933,0.569091,1.41866
12,150,1.79519,0.268377,0.647273,1.36679
12,180,1.6733,0.227626,0.631818,1.05292
12,210,1.23906,0.177565,0.686364,1.00441
12,240,1.0007,0.207314,0.76,0.707344
12,270,1.16841,0.267842,0.689091,0.954266
12,300,1.22374,0.240882,0.760909,0.874874
13,30,12.1026,0.041384,0.233324,7.10575
13,60,3.28396,0.119529,0.350909,2.28415
13,90,1.26219,0.184355,0.55567,0.809959
13,120,1.19762,0.138004,0.451818,0.780991
13,150,0.862167,0.218195,0.538812,0.542066
13,180,0.883795,0.205967,0.533636,0.562429
13,210,0.747167,0.17631,0.587273,0.462708
13,240,0.817709,0.20779,0.616364,0.543595
13,270,0.504947,0.299323,0.745194,0.347196
13,300,0.642318,0.206413,0.557273,0.430518
