design, comp, ci, d, corr, rmse
13, 30, 12.1026, 0.041384, 0.233324, 7.10575
13, 60, 3.28396, 0.119529, 0.350909, 2.28415
13, 90, 1.26219, 0.184355, 0.55567, 0.809959
13, 120, 1.19762, 0.138004, 0.451818, 0.780991
13, 150, 0.862167, 0.218195, 0.538812, 0.542066
13, 180, 0.883795, 0.205967, 0.533636, 0.562429
13, 210, 0.747167, 0.17631, 0.587273, 0.462708
13, 240, 0.817709, 0.20779, 0.616364, 0.543595
13, 270, 0.504947, 0.299323, 0.745194, 0.347196
13, 300, 0.642318, 0.206413, 0.557273, 0.430518
