design, comp, ci, corr, rmse, time, cmps_per_n_conds
3, 240, 1.94031, 0.941933, 0.901162, 0.0394355, 1.26316
3, 300, 1.67209, 0.950912, 0.702322, 0.0422886, 1.57895
3, 360, 1.65904, 0.952414, 0.678221, 0.0414818, 1.89474
3, 420, 1.54498, 0.959018, 0.608407, 0.0543865, 2.21053
3, 480, 1.41721, 0.964112, 0.519819, 0.0483464, 2.52632
3, 540, 1.37213, 0.9656, 0.516536, 0.0488196, 2.84211
3, 600, 1.32235, 0.969102, 0.472373, 0.0533486, 3.15789
6, 240, 5.1627, 0.924533, 1.7398, 0.0597367, 1.26316
6, 300, 4.21827, 0.937228, 1.09658, 0.0566436, 1.57895
6, 360, 2.23745, 0.94526, 0.864028, 0.0608369, 1.89474
6, 420, 1.72133, 0.952256, 0.707988, 0.0610747, 2.21053
6, 480, 1.61558, 0.957035, 0.625718, 0.0624741, 2.52632
6, 540, 1.554, 0.961056, 0.570172, 0.0655365, 2.84211
6, 600, 1.53542, 0.961312, 0.579388, 0.0657003, 3.15789
15, 240, 5.19954, 0.925256, 1.82118, 2.01133, 1.26316
15, 300, 4.36109, 0.936758, 1.17721, 2.19683, 1.57895
15, 360, 2.03537, 0.943832, 0.820654, 2.25933, 1.89474
15, 420, 1.86382, 0.952309, 0.723758, 2.44379, 2.21053
15, 480, 1.68808, 0.956481, 0.670077, 2.55347, 2.52632
15, 540, 1.613, 0.961018, 0.633981, 2.60421, 2.84211
15, 600, 1.39795, 0.963768, 0.52173, 2.57493, 3.15789
16, 240, 7.23557, 0.932168, 2.74151, 0.0888232, 1.26316
16, 300, 8.1578, 0.942046, 2.33577, 0.0911893, 1.57895
16, 360, 4.73345, 0.947154, 1.58787, 0.0953945, 1.89474
16, 420, 4.31848, 0.953351, 1.20832, 0.100204, 2.21053
16, 480, 4.38427, 0.956516, 1.14948, 0.107687, 2.52632
16, 540, 4.05066, 0.960979, 0.896639, 0.110545, 2.84211
16, 600, 1.77976, 0.965158, 0.696896, 0.115365, 3.15789
