design, comp, ci, corr, rmse, time, cmps_per_n_conds
26, 190, 36.7776, 0.985807, 35.634, 0.011315, 1
26, 380, 15.5413, 0.990263, 10.5397, 0.0271651, 2
26, 570, 10.787, 0.993, 5.68789, 0.0299804, 3
26, 760, 8.12581, 0.995053, 3.99869, 0.0427217, 4
26, 950, 8.28031, 0.99614, 3.21723, 0.0530622, 5
26, 1140, 7.29812, 0.996228, 2.78262, 0.0675315, 6
26, 1330, 7.33526, 0.996456, 2.67258, 0.0792283, 7
26, 1520, 6.44263, 0.997, 2.02017, 0.0947104, 8
26, 1710, 7.15386, 0.997158, 2.05869, 0.114116, 9
26, 1900, 6.45154, 0.997298, 1.79076, 0.143259, 10
26, 2090, 5.5027, 0.997246, 1.73715, 0.165064, 11
